65
68
55
56
49
54
83
85
50
32
49
61
51
44
39
37
59
67
35
10
39
44
59
53
42
49
41
50
73
65
32
35
65
68
55
56
49
54
83
85
50
32
49
61
51
44
39
37
59
67
35
10
44
50
49
67
74
43
27
52
66
49
39
41
41
66
89
70
41
55
84
81
67
72
72
82
106
99
60
59
87
88
71
80
86
87
102
100
58
42
64
76
69
67
65
53
70
88
60
27
33
43
39
35
34
22
40
74
58
18
19
48
55
48
48
33
38
72
74
38
27
51
59
50
52
48
50
85
99
71
56
76
89
67
54
53
49
72
100
80
54
65
77
64
48
48
41
52
72
58
26
26
45
48
28
25
22
34
68
74
49
39
51
54
44
56
55
49
74
88
56
27
33
44
39
43
51
49
73
96
70
40
48
69
60
39
26
7
23
68
66
35
38
59
67
52
48
35
38
60
59
25
21
43
58
55
56
56
51
72
86
64
54
85
112
101
92
91
86
98
107
88
57
57
69
58
39
32
11
18
49
50
26
34
57
60
41
26
11
12
45
52
18
5
28
52
39
25
17
12
41
58
33
10
25
42
37
27
23
21
53
92
88
57
57
68
64
54
56
48
59
98
97
60
51
59
58
41
40
32
27
53
61
36
26
53
74
64
53
43
33
53
72
50
27
40
56
44
25
23
23
48
71
50
16
33
69
69
50
41
35
49
82
81
44
37
59
71
54
40
36
43
80
91
64
42
59
74
65
56
51
44
69
90
64
20
22
51
53
42
37
24
38
57
39
7
7
23
24
20
26
24
33
58
59
32
35
64
71
48
38
33
34
65
77
44
27
58
83
71
69
60
44
58
84
73
51
56
67
48
24
20
12
27
57
50
21
22
37
36
24
25
22
34
72
82
49
38
65
75
57
52
49
44
70
89
66
39
51
65
52
39
37
35
55
74
52
23
42
71
64
49
44
34
44
75
74
41
35
41
34
24
33
23
21
53
71
43
32
48
54
39
35
26
18
48
70
43
17
24
44
44
44
53
45
64
88
66
33
41
69
71
64
65
55
56
70
54
17
8
28
42
45
61
67
65
81
72
33
18
37
44
29
25
21
18
40
56
28
7
28
49
36
25
22
12
42
91
89
58
64
83
75
55
43
25
37
75
71
37
40
70
73
56
55
57
57
73
74
52
49
70
83
69
57
49
40
58
74
52
24
39
56
42
29
35
32
48
69
49
12
23
57
64
51
57
51
54
75
73
39
36
66
82
76
84
73
60
77
87
49
22
35
45
33
29
37
43
75
99
66
24
32
55
51
37
28
19
37
72
60
24
21
48
53
38
41
44
57
80
66
25
22
55
70
50
36
34
49
86
101
71
58
84
101
85
69
59
49
67
86
65
34
44
68
60
43
38
23
35
65
57
22
20
38
39
35
40
35
44
80
84
51
37
52
65
54
55
57
59
84
89
58
40
55
72
69
70
76
71
86
109
98
71
74
91
89
77
80
74
89
116
102
53
38
58
73
71
64
42
38
74
98
70
50
65
74
55
43
34
29
65
88
67
44
55
72
67
58
58
54
69
87
72
50
58
74
60
38
41
49
60
89
86
52
44
57
55
38
39
36
39
76
100
74
59
77
90
69
51
39
37
69
90
65
33
40
60
52
32
26
34
66
93
69
24
24
49
41
21
16
11
26
64
61
32
25
44
54
40
33
23
28
67
81
48
27
45
53
36
29
28
24
55
86
60
26
38
61
56
41
37
34
55
83
64
23
24
44
41
25
25
19
32
66
73
45
36
44
45
33
29
19
11
40
60
38
23
44
69
61
56
51
41
57
75
57
35
51
77
70
52
50
42
56
82
73
48
53
69
58
39
40
29
37
68
80
53
44
68
81
66
52
41
41
73
88
57
33
44
56
44
34
28
25
51
81
67
35
37
58
66
55
49
35
43
67
56
24
27
50
44
29
36
42
57
86
87
51
38
57
69
53
53
60
57
59
54
20
6
24
40
26
11
5
-1
26
65
54
22
20
35
37
34
25
10
27
65
61
32
27
51
53
35
35
39
52
84
85
51
39
65
80
74
81
76
67
88
102
72
44
52
52
34
22
25
25
50
80
64
28
35
59
54
27
21
16
34
69
73
51
49
60
56
36
32
23
28
67
82
49
28
50
65
48
43
42
42
60
75
48
20
38
58
44
27
23
18
37
66
53
21
19
36
37
28
32
23
34
71
74
41
32
48
53
41
43
38
40
70
76
41
29
56
65
41
34
35
33
58
85
60
29
42
70
61
42
37
24
38
65
52
23
23
33
22
10
19
23
33
67
76
55
50
66
58
28
17
18
29
60
71
39
20
32
44
48
59
70
61
69
80
54
25
32
52
51
40
32
18
29
60
55
29
38
60
58
40
36
26
35
68
71
34
22
50
67
54
49
42
40
68
86
56
29
54
81
72
56
49
42
69
90
73
52
66
85
71
54
50
38
51
70
60
35
41
67
69
49
40
38
49
85
102
77
72
98
102
82
72
61
43
56
76
59
36
44
55
48
36
28
33
68
98
74
40
42
65
60
44
41
34
44
71
67
35
29
48
51
39
48
43
44
75
89
58
42
56
64
50
41
32
23
48
69
49
32
53
81
75
59
44
32
51
84
77
54
60
76
68
53
53
43
49
66
58
29
33
53
53
36
38
36
45
87
106
82
67
82
89
76
71
60
51
74
91
65
41
52
68
57
48
49
48
70
97
81
51
58
85
91
83
81
70
81
108
103
66
56
75
80
67
72
70
68
88
91
59
44
58
58
36
27
32
33
60
88
67
37
44
64
53
40
40
35
54
81
66
27
38
73
74
53
41
22
22
50
53
24
18
39
53
43
40
32
27
57
71
39
21
44
73
69
58
48
32
54
90
80
52
58
72
61
53
56
51
58
82
73
45
51
71
67
52
51
43
44
73
76
40
23
38
44
26
23
23
32
64
81
50
25
40
60
52
44
41
36
60
90
66
25
25
42
50
51
60
58
69
96
85
49
50
72
72
57
58
48
49
75
83
49
39
60
75
67
54
44
45
73
85
57
37
50
61
55
51
49
42
58
83
72
51
65
90
88
69
58
40
40
56
51
21
18
39
50
40
42
38
40
75
97
70
51
68
80
54
28
12
10
48
72
42
12
19
33
25
24
26
20
38
60
41
4
1
20
23
18
21
17
26
64
71
48
39
56
58
43
45
40
45
86
92
53
33
41
44
34
33
32
25
45
61
40
24
41
54
36
18
13
8
29
61
51
20
22
44
45
34
36
34
41
61
54
22
22
42
48
34
36
34
35
58
68
40
34
55
70
54
44
42
38
66
91
72
43
50
64
54
50
51
40
56
83
68
32
32
54
49
33
37
32
34
60
65
39
37
56
66
49
41
25
19
50
69
50
37
55
73
65
52
44
38
60
84
60
28
40
68
73
71
69
57
72
103
89
50
42
57
52
35
27
22
35
72
82
52
38
50
49
34
34
28
28
55
67
43
35
54
66
52
48
54
55
71
76
50
33
45
55
34
20
25
26
49
82
76
43
41
67
76
66
66
57
64
87
81
43
36
56
68
50
33
13
16
54
69
36
12
34
53
48
42
38
29
52
74
58
37
53
82
77
56
42
22
24
53
54
34
42
67
67
51
50
41
41
65
66
41
43
75
89
71
61
55
51
71
87
68
51
65
84
75
64
58
51
68
91
81
54
59
76
75
70
71
72
92
118
107
70
68
90
91
67
55
53
68
104
116
83
60
70
71
54
54
53
51
72
89
69
49
55
70
65
58
51
32
45
80
70
41
42
58
56
51
53
39
42
64
57
32
34
59
71
59
53
37
32
58
69
37
25
48
66
54
44
41
40
66
82
56
33
37
51
44
43
42
34
52
83
77
51
53
69
68
57
57
52
65
92
84
41
33
54
59
48
50
49
53
83
92
60
48
69
84
72
68
69
69
89
98
65
39
56
77
69
52
44
40
67
99
85
50
51
66
54
37
37
34
43
73
74
49
51
82
90
61
43
35
44
81
89
55
33
49
66
57
52
50
49
70
88
65
38
51
73
71
65
60
51
67
90
73
36
29
54
66
56
52
41
48
74
76
41
32
54
59
41
39
36
40
67
68
36
21
42
58
43
34
27
17
35
60
44
19
29
49
39
22
20
17
38
75
66
21
12
36
42
33
27
18
29
72
81
43
32
50
54
34
25
17
13
43
64
34
13
32
44
38
35
32
21
39
68
54
33
48
73
80
73
73
56
56
75
61
22
21
45
51
37
38
35
44
86
102
75
60
72
82
74
68
50
43
74
98
75
54
60
67
59
64
67
52
57
68
51
28
40
59
52
34
26
20
34
60
64
41
42
60
64
51
54
51
52
71
69
35
22
41
54
49
44
42
38
55
59
25
5
32
56
48
36
41
42
60
72
42
17
32
55
52
40
44
34
35
60
59
33
34
64
73
56
51
42
41
59
59
24
5
21
39
37
33
28
23
43
66
43
20
28
52
53
51
53
43
57
73
50
10
10
36
42
35
29
12
19
56
65
40
48
80
89
75
66
43
42
75
83
48
28
42
52
40
40
38
36
60
86
68
42
53
72
66
49
36
20
35
66
64
37
44
68
69
53
45
38
50
87
96
64
53
72
81
65
56
49
50
86
104
80
64
75
87
77
69
60
51
69
89
68
41
53
72
69
59
55
44
57
83
72
36
26
48
55
44
41
25
26
55
61
26
16
34
41
27
25
23
24
48
59
34
17
36
56
50
42
43
48
73
103
87
56
59
73
65
50
50
44
58
87
81
45
41
59
55
38
34
25
26
56
68
38
25
42
49
35
35
34
33
61
82
52
28
44
64
55
53
58
56
69
85
68
42
52
72
68
54
60
61
70
81
60
33
41
65
60
45
48
35
27
52
57
27
18
42
58
52
55
52
44
68
89
72
59
80
96
82
69
60
53
69
90
77
51
56
73
69
60
60
53
65
89
81
43
42
67
70
56
54
45
52
88
100
65
52
77
97
74
61
53
49
71
82
44
19
38
60
50
43
48
43
59
76
53
19
24
44
42
34
38
43
64
97
97
71
66
81
83
67
64
55
51
75
89
69
65
83
89
71
64
58
54
77
100
81
54
55
61
49
42
51
50
69
97
85
58
65
82
83
70
64
48
53
82
82
51
52
75
82
68
71
71
77
107
116
76
50
58
70
57
50
48
50
76
97
67
29
27
33
22
12
13
10
40
77
66
29
26
39
34
20
21
17
25
58
67
40
40
58
57
35
32
36
43
70
73
38
23
40
52
33
20
16
17
55
89
71
42
51
66
55
43
52
52
68
90
74
34
24
40
44
41
42
28
34
68
71
41
36
52
55
39
37
34
38
67
74
38
16
33
54
52
45
41
38
68
93
69
35
35
42
36
36
51
48
57
80
61
22
19
37
37
19
16
5
6
35
49
33
40
72
82
60
54
52
57
85
92
60
40
49
57
39
23
17
6
33
65
43
12
18
35
32
20
24
33
57
82
69
37
38
56
56
41
40
34
43
81
84
48
28
38
37
16
13
22
24
49
58
32
16
32
40
22
9
7
9
41
72
53
16
17
38
38
20
17
8
22
57
65
34
23
36
34
10
5
2
18
57
73
55
56
82
96
81
69
54
41
65
82
54
26
35
48
39
40
50
44
57
77
66
37
37
52
45
34
34
25
36
70
72
41
36
56
64
45
40
36
42
75
84
53
27
39
52
40
28
21
24
54
74
53
32
51
77
74
59
50
41
59
80
65
38
52
80
74
61
72
73
85
106
